25. (0 0, 16 1.0, 0 0, 0 0, 0 0, 0 0)
(12 1.0, 34 1.0, 56 1.0)
24.1. (0 0, 14 1.0, 0 0, 0 0, 36 1.0, 0 0)
(12 1.0, 34 1.0, 56 1.0)
24.2. (0 0, 13 1.0, 0 0, 0 0, 46 1.0, 0 0)
(12 1.0, 34 1.0, 56 1.0)
23.1. (0 0, 13 -1.0, 0 0, 0 0, 16 1.0, 0 0)
(12 1.0, 34 1.0, 56 1.0)
23.2. (0 0, 0 0, 0 0, 15 1.0, 0 0, 13 1.0)
(12 1.0, 34 1.0, 56 1.0)
22. (0 0, 13 1.0, 0 0, 0 0, 16 1.0, 0 0)
(12 1.0, 34 1.0, 56 1.0)
21.1. (0 0, 36 1.0 14 -1.0, 0 0, 13 1.0 16 1.0, 0 0, 0 0)
(12 1.0, 34 1.0, 56 1.0)
21.2. (0 0, 14 1.0 36 1.0, 0 0, 16 1.0, 0 0, 0 0)
(12 1.0, 34 1.0, 56 1.0)
20. (0 0, 0 0, 16 1.0, 13 -1.0, 14 1.0 36 -1.0, 0 0)
(12 1.0, 34 1.0, 56 1.0)
19. (0 0, 0 0, 14 1.0, 15 1.0, 0 0, 13 1.0)
(12 1.0, 34 1.0, 56 1.0)
18.1 (0 0, 36 -2.0, 0 0, 16 -1.0, 13 -1.0, 0 0)
(12 1.0, 34 1.0, 56 1.0)
18.2. (0 0, 13 -1.0 35 -1.0, 0 0, 15 1.0, 0 0, 35 1/2)
(12 1.0, 34 1.0, 56 1.0)
18.3. (0 0, 36 1.0, 0 0, 16 2.0 13 1.0, 13 -1.0, 0 0)
(12 1.0, 34 1.0, 56 1.0)
17. (0 0, 14 -1.0 36 1.0, 0 0, 0 0, 13 1.0, 0 0)
(12 1.0, 34 1.0, 56 1.0)
16.1. (0 0, 14 -1.0 36 -1.0, 0 0, 0 0, 46 1.0 13 -1.0, 0 0)
(12 1.0, 34 1.0, 56 1.0)
16.2. (0 0, 13 -1.0, 45 -1.0, 0 0, 0 0, 0 0, 35 1.0 14 -1.0)
(12 1.0, 34 1.0, 56 1.0)
15.1. (0 0, 14 -1.0, 0 0, 16 1.0, 13 -1.0 36 -1.0, 0 0)
(12 1.0, 34 1.0, 56 1.0)
15.2. (23 -1.0 36 1.0, 0 0, 26 1.0, 0 0, 36 1.0, 0 0)
(12 1.0, 34 1.0, 56 1.0)
15.3. (0 0, 14 -1.0, 0 0, 13 -1.0, 0 0, 35 -1.0)
(12 1.0, 34 1.0, 56 1.0)
14.1. (0 0, 14 -1.0, 0 0, 13 -1.0, 0 0, 15 -1.0)
(12 1.0, 34 1.0, 56 1.0)
14.2. (25 1.0, 0 0, 0 0, 35 1.0, 0 0, 15 1.0)
(12 1.0, 34 1.0, 56 1.0)
14.3 (0 0, 14 -1.0, 0 0, 15 -1.0, 0 0, 13 -1.0)
(12 1.0, 34 1.0, 56 1.0)
10. (0 0, 14 -1.0 45 1.0 35 1.0, 15 -1.0, 0 0, 0 0, 13 -1.0 35 1.0)
(12 1.0, 34 1.0, 56 1.0)
6.1. (0 0, 35 1.0 45 1.0, 45 1.0, 15 1.0, 0 0, 14 -1.0)
(12 1.0, 34 1.0, 56 1.0)
6.2. (46 1.0 36 1.0, 0 0, 26 1.0, 36 1.0, 23 -1.0, 0 0)
(12 1.0, 34 1.0, 56 1.0)
3. (0 0, 15 -1.0, 16 -1.0, 13 -1.0, 14 -1.0, 0 0)
(12 1.0, 34 1.0, 56 1.0)
2. (0 0, 14 (-1.0) 15 (-1.0) 36 1.0, 16 (-1.0), 13 (-1.0), 14 (-1.0) 13 1.0, 0 0)
(12 1.0, 34 1.0, 56 1.0)
0. (0 0, 0 0, 13 -1.0, 14 1.0, 25 -1.0, 26 1.0)
(12 1.0, 34 1.0, 56 1.0)